Class Array.Size Threads Real.Time(s) CPU.Time(s) Avg.Swap.Time.Real(ns) Avg.Swap.Time.CPU(ns) Mismatch
Null 1 1 0.000395062 0.00000 0.00395062 0.00000  0
Null 1 8 0.00200083 0.00000 0.160066 0.00000  0
Null 1 20 0.00391089 0.00000 0.782178 0.00000  0
Null 1 40 0.00641185 0.00000 2.56474 0.00000  0
Null 5 1 1.33174 1.33057 13.3174 13.3057  0
Null 5 8 0.273897 2.16528 21.9117 21.6528  0
Null 5 20 0.484520 9.08132 96.9039 90.8132  0
Null 5 40 0.419160 11.8279 167.664 118.279  0
Null 50 1 1.32619 1.32498 13.2619 13.2498  0
Null 50 8 0.327426 2.31743 26.1941 23.1743  0
Null 50 20 0.453813 7.91653 90.7625 79.1653  0
Null 50 40 0.322204 8.50018 128.882 85.0018  0
Null 100 1 1.32066 1.31950 13.2066 13.1950  0
Null 100 8 0.298334 2.16586 23.8667 21.6586  0
Null 100 20 0.321757 5.88861 64.3515 58.8861  0
Null 100 40 0.444109 12.8351 177.643 128.351  0
Synchronized 1 1 0.000353987 0.00000 0.00353987 0.00000  0
Synchronized 1 8 0.00193033 0.00000 0.154426 0.00000  0
Synchronized 1 20 0.00357913 0.00000 0.715825 0.00000  0
Synchronized 1 40 0.00703674 0.00000 2.81470 0.00000  0
Synchronized 5 1 2.09618 2.09477 20.9618 20.9477  0
Synchronized 5 8 26.1216 91.6124 2089.72 916.124  0
Synchronized 5 20 33.3719 120.340 6674.39 1203.40  0
Synchronized 5 40 28.5320 98.7836 11412.8 987.836  0
Synchronized 50 1 2.28962 2.28807 22.8962 22.8807  0
Synchronized 50 8 25.9315 81.5850 2074.52 815.850  0
Synchronized 50 20 25.4601 81.1529 5092.01 811.529  0
Synchronized 50 40 29.1369 93.9674 11654.8 939.674  0
Synchronized 100 1 1.99941 1.99792 19.9941 19.9792  0
Synchronized 100 8 28.2234 88.7463 2257.87 887.463  0
Synchronized 100 20 25.8541 82.1353 5170.82 821.353  0
Synchronized 100 40 29.0498 91.9044 11619.9 919.044  0
Unsynchronized 1 1 0.000399191 0.00000 0.00399191 0.00000  0
Unsynchronized 1 8 0.00185738 0.00000 0.148591 0.00000  0
Unsynchronized 1 20 0.00351480 0.00000 0.702960 0.00000  0
Unsynchronized 1 40 0.00686260 0.00000 2.74504 0.00000  0
Unsynchronized 5 1 1.41151 1.41010 14.1151 14.1010  0
Unsynchronized 5 8 4.77281 37.8471 381.825 378.471  1
Unsynchronized 5 20 4.05536 79.0808 811.072 790.808  1
Unsynchronized 5 40 3.17972 95.6343 1271.89 956.343  1
Unsynchronized 50 1 1.40702 1.40574 14.0702 14.0574  0
Unsynchronized 50 8 5.20039 40.4910 416.031 404.910  1
Unsynchronized 50 20 4.26044 83.2923 852.088 832.923  1
Unsynchronized 50 40 3.34102 101.000 1336.41 1010.00  1
Unsynchronized 100 1 1.50417 1.50275 15.0417 15.0275  0
Unsynchronized 100 8 4.51983 35.9548 361.586 359.548  1
Unsynchronized 100 20 3.60269 71.0618 720.538 710.618  1
Unsynchronized 100 40 2.90870 86.5433 1163.48 865.433  1
AcmeSafe 1 1 0.000290140 0.00000 0.00290140 0.00000  0
AcmeSafe 1 8 0.00183206 0.00000 0.146565 0.00000  0
AcmeSafe 1 20 0.00380915 0.00000 0.761830 0.00000  0
AcmeSafe 1 40 0.00692753 0.00000 2.77101 0.00000  0
AcmeSafe 5 1 2.48329 2.48212 24.8329 24.8212  0
AcmeSafe 5 8 15.4182 121.559 1233.45 1215.59  0
AcmeSafe 5 20 14.6189 290.198 2923.77 2901.98  0
AcmeSafe 5 40 7.46057 230.396 2984.23 2303.96  0
AcmeSafe 50 1 2.56235 2.56083 25.6235 25.6083  0
AcmeSafe 50 8 14.3776 114.435 1150.20 1144.35  0
AcmeSafe 50 20 8.46615 166.327 1693.23 1663.27  0
AcmeSafe 50 40 7.21573 207.063 2886.29 2070.63  0
AcmeSafe 100 1 2.56749 2.56615 25.6749 25.6615  0
AcmeSafe 100 8 10.8777 86.5603 870.213 865.603  0
AcmeSafe 100 20 6.13556 119.892 1227.11 1198.92  0
AcmeSafe 100 40 3.46930 102.942 1387.72 1029.42  0
Null 1 1 0.000378245 0.00000 0.00378245 0.00000  0
Null 1 8 0.00184914 0.00000 0.147931 0.00000  0
Null 1 20 0.00388809 0.00000 0.777617 0.00000  0
Null 1 40 0.00668075 0.00000 2.67230 0.00000  0
Null 5 1 1.22314 1.22195 12.2314 12.2195  0
Null 5 8 0.281246 2.16358 22.4996 21.6358  0
Null 5 20 0.303721 5.34039 60.7443 53.4039  0
Null 5 40 0.365989 10.0911 146.396 100.911  0
Null 50 1 1.22546 1.22428 12.2546 12.2428  0
Null 50 8 0.280501 2.16203 22.4401 21.6203  0
Null 50 20 0.318375 5.60074 63.6749 56.0074  0
Null 50 40 0.534067 14.6925 213.627 146.925  0
Null 100 1 1.23197 1.23077 12.3197 12.3077  0
Null 100 8 0.276104 2.10354 22.0883 21.0354  0
Null 100 20 0.317229 5.56737 63.4457 55.6737  0
Null 100 40 0.470707 13.5773 188.283 135.773  0
Synchronized 1 1 0.000415535 0.00000 0.00415535 0.00000  0
Synchronized 1 8 0.00192687 0.00000 0.154150 0.00000  0
Synchronized 1 20 0.00359856 0.00000 0.719712 0.00000  0
Synchronized 1 40 0.00670247 0.00000 2.68099 0.00000  0
Synchronized 5 1 1.97426 1.97298 19.7426 19.7298  0
Synchronized 5 8 32.7114 117.291 2616.91 1172.91  0
Synchronized 5 20 27.9164 96.5250 5583.27 965.250  0
Synchronized 5 40 28.8068 99.6199 11522.7 996.199  0
Synchronized 50 1 1.92354 1.92232 19.2354 19.2232  0
Synchronized 50 8 24.0661 76.3139 1925.29 763.139  0
Synchronized 50 20 24.7459 79.7453 4949.19 797.453  0
Synchronized 50 40 24.2386 76.2367 9695.45 762.367  0
Synchronized 100 1 1.91235 1.91116 19.1235 19.1116  0
Synchronized 100 8 28.8610 91.4161 2308.88 914.161  0
Synchronized 100 20 25.8632 81.5470 5172.63 815.470  0
Synchronized 100 40 29.7440 94.0811 11897.6 940.811  0
Unsynchronized 1 1 0.000378430 0.00000 0.00378430 0.00000  0
Unsynchronized 1 8 0.00177946 0.00000 0.142357 0.00000  0
Unsynchronized 1 20 0.00372899 0.00000 0.745797 0.00000  0
Unsynchronized 1 40 0.00654820 0.00000 2.61928 0.00000  0
Unsynchronized 5 1 1.40097 1.39970 14.0097 13.9970  0
Unsynchronized 5 8 2.39314 18.3986 191.451 183.986  1
Unsynchronized 5 20 3.73955 73.3268 747.911 733.268  1
Unsynchronized 5 40 3.34483 103.072 1337.93 1030.72  1
Unsynchronized 50 1 1.38543 1.38422 13.8543 13.8422  0
Unsynchronized 50 8 5.38893 42.8144 431.115 428.144  1
Unsynchronized 50 20 4.09831 79.6452 819.663 796.452  1
Unsynchronized 50 40 3.45457 104.078 1381.83 1040.78  1
Unsynchronized 100 1 1.39096 1.38972 13.9096 13.8972  0
Unsynchronized 100 8 4.52567 35.9778 362.053 359.778  1
Unsynchronized 100 20 3.69128 71.6427 738.256 716.427  1
Unsynchronized 100 40 2.93003 88.9302 1172.01 889.302  1
AcmeSafe 1 1 0.000380843 0.00000 0.00380843 0.00000  0
AcmeSafe 1 8 0.00195557 0.00000 0.156446 0.00000  0
AcmeSafe 1 20 0.00374860 0.00000 0.749720 0.00000  0
AcmeSafe 1 40 0.00636655 0.00000 2.54662 0.00000  0
AcmeSafe 5 1 2.47350 2.47223 24.7350 24.7223  0
AcmeSafe 5 8 9.12678 71.7194 730.142 717.194  0
AcmeSafe 5 20 8.64904 164.178 1729.81 1641.78  0
AcmeSafe 5 40 7.20503 209.218 2882.01 2092.18  0
AcmeSafe 50 1 2.57035 2.56884 25.7035 25.6884  0
AcmeSafe 50 8 6.16737 48.9422 493.390 489.422  0
AcmeSafe 50 20 8.54557 166.427 1709.11 1664.27  0
AcmeSafe 50 40 6.91177 210.353 2764.71 2103.53  0
AcmeSafe 100 1 2.54215 2.54106 25.4215 25.4106  0
AcmeSafe 100 8 8.46814 67.4823 677.451 674.823  0
AcmeSafe 100 20 7.40081 143.731 1480.16 1437.31  0
AcmeSafe 100 40 5.20364 157.262 2081.45 1572.62  0
Null 1 1 0.000273134 0.00000 0.00273134 0.00000  0
Null 1 8 0.00172643 0.00000 0.138114 0.00000  0
Null 1 20 0.00378551 0.00000 0.757101 0.00000  0
Null 1 40 0.00659948 0.00000 2.63979 0.00000  0
Null 5 1 1.21883 1.21763 12.1883 12.1763  0
Null 5 8 0.261659 2.06790 20.9327 20.6790  0
Null 5 20 0.320312 5.76401 64.0624 57.6401  0
Null 5 40 0.346263 9.53850 138.505 95.3850  0
Null 50 1 1.27319 1.27192 12.7319 12.7192  0
Null 50 8 0.289044 2.22219 23.1235 22.2219  0
Null 50 20 0.283744 5.18697 56.7487 51.8697  0
Null 50 40 0.477516 13.4911 191.007 134.911  0
Null 100 1 1.24326 1.24198 12.4326 12.4198  0
Null 100 8 0.353511 2.79745 28.2809 27.9745  0
Null 100 20 0.298290 5.32874 59.6581 53.2874  0
Null 100 40 0.569735 15.7061 227.894 157.061  0
Synchronized 1 1 0.000262519 0.00000 0.00262519 0.00000  0
Synchronized 1 8 0.00179908 0.00000 0.143927 0.00000  0
Synchronized 1 20 0.00364201 0.00000 0.728403 0.00000  0
Synchronized 1 40 0.00637573 0.00000 2.55029 0.00000  0
Synchronized 5 1 1.96746 1.96618 19.6746 19.6618  0
Synchronized 5 8 23.4749 79.4362 1877.99 794.362  0
Synchronized 5 20 29.7769 102.741 5955.37 1027.41  0
Synchronized 5 40 28.1229 98.0747 11249.2 980.747  0
Synchronized 50 1 1.94859 1.94729 19.4859 19.4729  0
Synchronized 50 8 25.9681 82.0937 2077.45 820.937  0
Synchronized 50 20 24.5270 78.2485 4905.40 782.485  0
Synchronized 50 40 26.0862 82.8103 10434.5 828.103  0
Synchronized 100 1 1.94244 1.94124 19.4244 19.4124  0
Synchronized 100 8 29.7899 95.1806 2383.19 951.806  0
Synchronized 100 20 21.7193 68.3706 4343.85 683.706  0
Synchronized 100 40 26.7060 83.9643 10682.4 839.643  0
Unsynchronized 1 1 0.000358310 0.00000 0.00358310 0.00000  0
Unsynchronized 1 8 0.00162302 0.00000 0.129841 0.00000  0
Unsynchronized 1 20 0.00358368 0.00000 0.716736 0.00000  0
Unsynchronized 1 40 0.00659820 0.00000 2.63928 0.00000  0
Unsynchronized 5 1 1.47857 1.47726 14.7857 14.7726  0
Unsynchronized 5 8 2.25891 16.9194 180.713 169.194  1
Unsynchronized 5 20 3.72398 72.5689 744.795 725.689  1
Unsynchronized 5 40 3.06230 92.0552 1224.92 920.552  1
Unsynchronized 50 1 1.47193 1.47061 14.7193 14.7061  0
Unsynchronized 50 8 5.35982 42.3549 428.786 423.549  1
Unsynchronized 50 20 4.24047 82.8250 848.093 828.250  1
Unsynchronized 50 40 3.40519 100.739 1362.08 1007.39  1
Unsynchronized 100 1 1.49346 1.49204 14.9346 14.9204  0
Unsynchronized 100 8 4.60169 36.4784 368.135 364.784  1
Unsynchronized 100 20 3.63365 72.1226 726.730 721.226  1
Unsynchronized 100 40 3.08944 93.3637 1235.78 933.637  1
AcmeSafe 1 1 0.000303899 0.00000 0.00303899 0.00000  0
AcmeSafe 1 8 0.00195614 0.00000 0.156491 0.00000  0
AcmeSafe 1 20 0.00385904 0.00000 0.771809 0.00000  0
AcmeSafe 1 40 0.00653428 0.00000 2.61371 0.00000  0
AcmeSafe 5 1 2.68004 2.67873 26.8004 26.7873  0
AcmeSafe 5 8 8.92071 69.1536 713.656 691.536  0
AcmeSafe 5 20 8.63275 154.874 1726.55 1548.74  0
AcmeSafe 5 40 8.34539 254.545 3338.16 2545.45  0
AcmeSafe 50 1 2.55673 2.55542 25.5673 25.5542  0
AcmeSafe 50 8 12.4027 98.7274 992.216 987.274  0
AcmeSafe 50 20 9.75598 189.299 1951.20 1892.99  0
AcmeSafe 50 40 7.04813 205.271 2819.25 2052.71  0
AcmeSafe 100 1 2.53265 2.52782 25.3265 25.2782  0
AcmeSafe 100 8 8.48376 67.5707 678.701 675.707  0
AcmeSafe 100 20 6.09814 119.545 1219.63 1195.45  0
AcmeSafe 100 40 4.54682 135.446 1818.73 1354.46  0
Null 1 1 0.000325717 0.00000 0.00325717 0.00000  0
Null 1 8 0.00198656 0.00000 0.158924 0.00000  0
Null 1 20 0.00398511 0.00000 0.797022 0.00000  0
Null 1 40 0.00662335 0.00000 2.64934 0.00000  0
Null 5 1 1.24382 1.24269 12.4382 12.4269  0
Null 5 8 0.272362 2.13385 21.7889 21.3385  0
Null 5 20 0.294685 5.40153 58.9370 54.0153  0
Null 5 40 0.307826 8.40843 123.131 84.0843  0
Null 50 1 1.39635 1.38587 13.9635 13.8587  0
Null 50 8 0.306310 2.22722 24.5048 22.2722  0
Null 50 20 0.396492 6.57104 79.2983 65.7104  0
Null 50 40 0.518065 14.4671 207.226 144.671  0
Null 100 1 1.34974 1.34831 13.4974 13.4831  0
Null 100 8 0.279622 2.14035 22.3697 21.4035  0
Null 100 20 0.292126 5.23272 58.4253 52.3272  0
Null 100 40 0.264102 7.01830 105.641 70.1830  0
Synchronized 1 1 0.000335547 0.00000 0.00335547 0.00000  0
Synchronized 1 8 0.00168853 0.00000 0.135082 0.00000  0
Synchronized 1 20 0.00372466 0.00000 0.744933 0.00000  0
Synchronized 1 40 0.00665515 0.00000 2.66206 0.00000  0
Synchronized 5 1 2.16943 2.16817 21.6943 21.6817  0
Synchronized 5 8 19.7302 64.4717 1578.41 644.717  0
Synchronized 5 20 27.0958 92.8585 5419.16 928.585  0
Synchronized 5 40 26.7963 91.5776 10718.5 915.776  0
Synchronized 50 1 1.98358 1.98230 19.8358 19.8230  0
Synchronized 50 8 28.2693 91.0280 2261.54 910.280  0
Synchronized 50 20 26.0302 82.7659 5206.05 827.659  0
Synchronized 50 40 22.8607 72.2030 9144.28 722.030  0
Synchronized 100 1 1.94477 1.94356 19.4477 19.4356  0
Synchronized 100 8 24.3387 74.6895 1947.10 746.895  0
Synchronized 100 20 26.3872 83.6846 5277.44 836.846  0
Synchronized 100 40 25.3128 79.2925 10125.1 792.925  0
Unsynchronized 1 1 0.000313179 0.00000 0.00313179 0.00000  0
Unsynchronized 1 8 0.00181567 0.00000 0.145254 0.00000  0
Unsynchronized 1 20 0.00369014 0.00000 0.738028 0.00000  0
Unsynchronized 1 40 0.00669033 0.00000 2.67613 0.00000  0
Unsynchronized 5 1 1.41880 1.41747 14.1880 14.1747  0
Unsynchronized 5 8 4.85563 38.3983 388.450 383.983  1
Unsynchronized 5 20 2.59409 48.3502 518.818 483.502  1
Unsynchronized 5 40 3.19898 95.2379 1279.59 952.379  1
Unsynchronized 50 1 1.38650 1.38532 13.8650 13.8532  0
Unsynchronized 50 8 5.40851 42.6357 432.681 426.357  1
Unsynchronized 50 20 4.34836 84.7603 869.673 847.603  1
Unsynchronized 50 40 3.38569 101.860 1354.28 1018.60  1
Unsynchronized 100 1 1.39088 1.38957 13.9088 13.8957  0
Unsynchronized 100 8 4.45514 35.5149 356.411 355.149  1
Unsynchronized 100 20 3.47866 67.9853 695.731 679.853  1
Unsynchronized 100 40 2.83633 85.5128 1134.53 855.128  1
AcmeSafe 1 1 0.000237154 0.00000 0.00237154 0.00000  0
AcmeSafe 1 8 0.00178486 0.00000 0.142789 0.00000  0
AcmeSafe 1 20 0.00409415 0.00000 0.818829 0.00000  0
AcmeSafe 1 40 0.00689396 0.00000 2.75758 0.00000  0
AcmeSafe 5 1 2.57641 2.57519 25.7641 25.7519  0
AcmeSafe 5 8 18.5291 147.255 1482.33 1472.55  0
AcmeSafe 5 20 8.54730 156.824 1709.46 1568.24  0
AcmeSafe 5 40 7.30497 217.684 2921.99 2176.84  0
AcmeSafe 50 1 2.47911 2.47771 24.7911 24.7771  0
AcmeSafe 50 8 14.4190 114.828 1153.52 1148.28  0
AcmeSafe 50 20 8.53502 164.368 1707.00 1643.68  0
AcmeSafe 50 40 6.04613 181.642 2418.45 1816.42  0
AcmeSafe 100 1 2.51149 2.51019 25.1149 25.1019  0
AcmeSafe 100 8 4.94931 39.4414 395.945 394.414  0
AcmeSafe 100 20 7.57714 146.874 1515.43 1468.74  0
AcmeSafe 100 40 3.48869 105.922 1395.48 1059.22  0
Null 1 1 0.000325703 0.00000 0.00325703 0.00000  0
Null 1 8 0.00179363 0.00000 0.143491 0.00000  0
Null 1 20 0.00418811 0.00000 0.837622 0.00000  0
Null 1 40 0.00663670 0.00000 2.65468 0.00000  0
Null 5 1 1.25711 1.25526 12.5711 12.5526  0
Null 5 8 0.269488 2.13203 21.5591 21.3203  0
Null 5 20 0.300197 5.28415 60.0394 52.8415  0
Null 5 40 0.316360 8.45688 126.544 84.5688  0
Null 50 1 1.24584 1.24469 12.4584 12.4469  0
Null 50 8 0.289413 2.20884 23.1530 22.0884  0
Null 50 20 0.308268 5.48333 61.6536 54.8333  0
Null 50 40 0.524906 14.2801 209.963 142.801  0
Null 100 1 1.26397 1.26256 12.6397 12.6256  0
Null 100 8 0.272982 2.09991 21.8386 20.9991  0
Null 100 20 0.291816 5.24864 58.3632 52.4864  0
Null 100 40 0.431326 11.7821 172.530 117.821  0
Synchronized 1 1 0.000379437 0.00000 0.00379437 0.00000  0
Synchronized 1 8 0.00198712 0.00000 0.158969 0.00000  0
Synchronized 1 20 0.00361416 0.00000 0.722831 0.00000  0
Synchronized 1 40 0.00629286 0.00000 2.51714 0.00000  0
Synchronized 5 1 1.94045 1.93922 19.4045 19.3922  0
Synchronized 5 8 24.8900 87.4532 1991.20 874.532  0
Synchronized 5 20 23.2200 77.8155 4644.01 778.155  0
Synchronized 5 40 26.3410 89.3974 10536.4 893.974  0
Synchronized 50 1 1.96936 1.96804 19.6936 19.6804  0
Synchronized 50 8 24.9213 77.9929 1993.70 779.929  0
Synchronized 50 20 22.8079 73.0943 4561.59 730.943  0
Synchronized 50 40 25.3005 79.8589 10120.2 798.589  0
Synchronized 100 1 1.97387 1.97261 19.7387 19.7261  0
Synchronized 100 8 28.2076 89.7887 2256.61 897.887  0
Synchronized 100 20 28.2132 89.2205 5642.63 892.205  0
Synchronized 100 40 25.6075 80.8092 10243.0 808.092  0
Unsynchronized 1 1 0.000397432 0.00000 0.00397432 0.00000  0
Unsynchronized 1 8 0.00169235 0.00000 0.135388 0.00000  0
Unsynchronized 1 20 0.00359699 0.00000 0.719399 0.00000  0
Unsynchronized 1 40 0.00659152 0.00000 2.63661 0.00000  0
Unsynchronized 5 1 1.39292 1.39151 13.9292 13.9151  0
Unsynchronized 5 8 4.21974 33.4230 337.579 334.230  1
Unsynchronized 5 20 3.76150 72.2325 752.300 722.325  1
Unsynchronized 5 40 2.61126 79.4883 1044.50 794.883  1
Unsynchronized 50 1 1.41936 1.41809 14.1936 14.1809  0
Unsynchronized 50 8 5.23357 41.0178 418.685 410.178  1
Unsynchronized 50 20 4.04579 78.9057 809.159 789.057  1
Unsynchronized 50 40 3.39339 101.477 1357.35 1014.77  1
Unsynchronized 100 1 1.42939 1.42830 14.2939 14.2830  0
Unsynchronized 100 8 4.45915 35.4503 356.732 354.503  1
Unsynchronized 100 20 3.48565 68.1786 697.130 681.786  1
Unsynchronized 100 40 3.01772 91.0845 1207.09 910.845  1
AcmeSafe 1 1 0.000317040 0.00000 0.00317040 0.00000  0
AcmeSafe 1 8 0.00186336 0.00000 0.149069 0.00000  0
AcmeSafe 1 20 0.00365587 0.00000 0.731174 0.00000  0
AcmeSafe 1 40 0.00680564 0.00000 2.72226 0.00000  0
AcmeSafe 5 1 2.61139 2.61010 26.1139 26.1010  0
AcmeSafe 5 8 8.43267 65.4019 674.614 654.019  0
AcmeSafe 5 20 8.46577 157.499 1693.15 1574.99  0
AcmeSafe 5 40 10.4204 315.368 4168.15 3153.68  0
AcmeSafe 50 1 2.44997 2.44840 24.4997 24.4840  0
AcmeSafe 50 8 12.3510 98.3863 988.080 983.863  0
AcmeSafe 50 20 10.1456 194.567 2029.13 1945.67  0
AcmeSafe 50 40 4.49292 133.214 1797.17 1332.14  0
AcmeSafe 100 1 2.46853 2.46715 24.6853 24.6715  0
AcmeSafe 100 8 8.37742 66.6616 670.194 666.616  0
AcmeSafe 100 20 7.43116 145.230 1486.23 1452.30  0
AcmeSafe 100 40 5.30491 158.593 2121.96 1585.93  0
Null 1 1 0.000251393 0.00000 0.00251393 0.00000  0
Null 1 8 0.00200402 0.00000 0.160322 0.00000  0
Null 1 20 0.00345028 0.00000 0.690056 0.00000  0
Null 1 40 0.00677560 0.00000 2.71024 0.00000  0
Null 5 1 1.22941 1.22803 12.2941 12.2803  0
Null 5 8 0.297197 2.28438 23.7757 22.8438  0
Null 5 20 0.299986 5.42835 59.9971 54.2835  0
Null 5 40 0.411007 8.90791 164.403 89.0791  0
Null 50 1 1.28422 1.28304 12.8422 12.8304  0
Null 50 8 0.277492 2.12167 22.1994 21.2167  0
Null 50 20 0.292055 5.42751 58.4110 54.2751  0
Null 50 40 0.375743 9.39289 150.297 93.9289  0
Null 100 1 1.32932 1.32820 13.2932 13.2820  0
Null 100 8 0.284873 2.16763 22.7898 21.6763  0
Null 100 20 0.302334 5.42835 60.4668 54.2835  0
Null 100 40 0.403471 11.1281 161.388 111.281  0
Synchronized 1 1 0.000412443 0.00000 0.00412443 0.00000  0
Synchronized 1 8 0.00166324 0.00000 0.133059 0.00000  0
Synchronized 1 20 0.00383978 0.00000 0.767957 0.00000  0
Synchronized 1 40 0.00620529 0.00000 2.48211 0.00000  0
Synchronized 5 1 2.09177 2.09060 20.9177 20.9060  0
Synchronized 5 8 31.4282 108.868 2514.25 1088.68  0
Synchronized 5 20 21.7145 75.0508 4342.90 750.508  0
Synchronized 5 40 20.6919 68.5351 8276.76 685.351  0
Synchronized 50 1 2.09738 2.09619 20.9738 20.9619  0
Synchronized 50 8 24.4846 78.3226 1958.76 783.226  0
Synchronized 50 20 25.2775 80.1417 5055.50 801.417  0
Synchronized 50 40 28.2297 90.7277 11291.9 907.277  0
Synchronized 100 1 2.05308 2.05166 20.5308 20.5166  0
Synchronized 100 8 13.3045 38.9695 1064.36 389.695  0
Synchronized 100 20 26.0952 81.1584 5219.03 811.584  0
Synchronized 100 40 23.5360 73.0349 9414.41 730.349  0
Unsynchronized 1 1 0.000283550 0.00000 0.00283550 0.00000  0
Unsynchronized 1 8 0.00177560 0.00000 0.142048 0.00000  0
Unsynchronized 1 20 0.00373418 0.00000 0.746836 0.00000  0
Unsynchronized 1 40 0.00691866 0.00000 2.76747 0.00000  0
Unsynchronized 5 1 1.50920 1.50820 15.0920 15.0820  0
Unsynchronized 5 8 2.37837 17.3743 190.269 173.743  1
Unsynchronized 5 20 2.71320 50.3817 542.640 503.817  1
Unsynchronized 5 40 2.98132 88.6965 1192.53 886.965  1
Unsynchronized 50 1 1.52130 1.51990 15.2130 15.1990  0
Unsynchronized 50 8 5.40704 42.1787 432.563 421.787  1
Unsynchronized 50 20 4.01401 78.3078 802.801 783.078  1
Unsynchronized 50 40 3.48571 103.636 1394.29 1036.36  1
Unsynchronized 100 1 1.42589 1.42470 14.2589 14.2470  0
Unsynchronized 100 8 4.01845 31.9606 321.476 319.606  1
Unsynchronized 100 20 3.48329 67.1284 696.659 671.284  1
Unsynchronized 100 40 3.17773 84.4263 1271.09 844.263  1
AcmeSafe 1 1 0.000357740 0.00000 0.00357740 0.00000  0
AcmeSafe 1 8 0.00165717 0.00000 0.132574 0.00000  0
AcmeSafe 1 20 0.00351613 0.00000 0.703226 0.00000  0
AcmeSafe 1 40 0.00679783 0.00000 2.71913 0.00000  0
AcmeSafe 5 1 2.51573 2.51425 25.1573 25.1425  0
AcmeSafe 5 8 8.87295 66.4357 709.836 664.357  0
AcmeSafe 5 20 14.7649 290.171 2952.99 2901.71  0
AcmeSafe 5 40 7.23630 216.428 2894.52 2164.28  0
AcmeSafe 50 1 2.70293 2.70153 27.0293 27.0153  0
AcmeSafe 50 8 6.23292 49.4133 498.634 494.133  0
AcmeSafe 50 20 9.36442 182.415 1872.88 1824.15  0
AcmeSafe 50 40 6.83666 205.244 2734.66 2052.44  0
AcmeSafe 100 1 2.65894 2.65773 26.5894 26.5773  0
AcmeSafe 100 8 4.84155 38.4660 387.324 384.660  0
AcmeSafe 100 20 4.09706 77.0430 819.411 770.430  0
AcmeSafe 100 40 4.69696 132.562 1878.79 1325.62  0
