Class Array.Size Threads Real.Time(s) CPU.Time(s) Avg.Swap.Time.Real(ns) Avg.Swap.Time.CPU(ns) Mismatch
Null 1 1 0.000465418 0.00000 0.00465418 0.00000  0
Null 1 8 0.00260770 0.00000 0.208616 0.00000  0
Null 1 20 0.00487699 0.00000 0.975397 0.00000  0
Null 1 40 0.0178677 0.00000 7.14707 0.00000  0
Null 5 1 1.18098 1.17826 11.8098 11.7826  0
Null 5 8 0.533404 2.04523 42.6723 20.4523  0
Null 5 20 0.397508 1.38965 79.5015 13.8965  0
Null 5 40 0.399468 1.43809 159.787 14.3809  0
Null 50 1 1.06910 1.06791 10.6910 10.6791  0
Null 50 8 0.404752 1.55831 32.3802 15.5831  0
Null 50 20 0.409851 1.48271 81.9701 14.8271  0
Null 50 40 0.425132 1.53505 170.053 15.3505  0
Null 100 1 1.10292 1.10096 11.0292 11.0096  0
Null 100 8 0.466496 1.76656 37.3197 17.6656  0
Null 100 20 0.589650 2.22120 117.930 22.2120  0
Null 100 40 1.92175 7.51135 768.700 75.1135  0
Synchronized 1 1 0.000350713 0.00000 0.00350713 0.00000  0
Synchronized 1 8 0.00326302 0.00000 0.261042 0.00000  0
Synchronized 1 20 0.00496649 0.00000 0.993298 0.00000  0
Synchronized 1 40 0.00864093 0.00000 3.45637 0.00000  0
Synchronized 5 1 1.68453 1.68231 16.8453 16.8231  0
Synchronized 5 8 4.85798 5.72650 388.639 57.2650  0
Synchronized 5 20 4.99944 6.14907 999.888 61.4907  0
Synchronized 5 40 4.99557 6.13264 1998.23 61.3264  0
Synchronized 50 1 1.70075 1.69845 17.0075 16.9845  0
Synchronized 50 8 4.54285 5.85354 363.428 58.5354  0
Synchronized 50 20 4.69692 5.86297 939.384 58.6297  0
Synchronized 50 40 4.84435 5.73710 1937.74 57.3710  0
Synchronized 100 1 1.70333 1.70215 17.0333 17.0215  0
Synchronized 100 8 4.88624 6.10101 390.899 61.0101  0
Synchronized 100 20 4.78709 5.63665 957.418 56.3665  0
Synchronized 100 40 4.52522 5.27226 1810.09 52.7226  0
Unsynchronized 1 1 0.000381015 0.00000 0.00381015 0.00000  0
Unsynchronized 1 8 0.00316712 0.00000 0.253370 0.00000  0
Unsynchronized 1 20 0.00497219 0.00000 0.994438 0.00000  0
Unsynchronized 1 40 0.00881404 0.00000 3.52561 0.00000  0
Unsynchronized 5 1 1.22285 1.21974 12.2285 12.1974  0
Unsynchronized 5 8 1.89112 7.44792 151.289 74.4792  1
Unsynchronized 5 20 3.51699 13.7553 703.398 137.553  1
Unsynchronized 5 40 3.96595 15.7057 1586.38 157.057  1
Unsynchronized 50 1 1.22045 1.21726 12.2045 12.1726  0
Unsynchronized 50 8 3.95530 15.5082 316.424 155.082  1
Unsynchronized 50 20 4.04325 16.0212 808.651 160.212  1
Unsynchronized 50 40 4.21686 16.6768 1686.74 166.768  1
Unsynchronized 100 1 1.21935 1.21786 12.1935 12.1786  0
Unsynchronized 100 8 3.47136 13.8245 277.709 138.245  1
Unsynchronized 100 20 3.55935 14.1217 711.870 141.217  1
Unsynchronized 100 40 3.59218 13.6830 1436.87 136.830  1
AcmeSafe 1 1 0.000337913 0.00000 0.00337913 0.00000  0
AcmeSafe 1 8 0.00295621 0.00000 0.236497 0.00000  0
AcmeSafe 1 20 0.00486929 0.00000 0.973857 0.00000  0
AcmeSafe 1 40 0.00898474 0.00000 3.59390 0.00000  0
AcmeSafe 5 1 2.54508 2.54338 25.4508 25.4338  0
AcmeSafe 5 8 13.4460 53.5425 1075.68 535.425  0
AcmeSafe 5 20 15.3685 60.3277 3073.70 603.277  0
AcmeSafe 5 40 15.0287 59.7597 6011.48 597.597  0
AcmeSafe 50 1 2.51162 2.50602 25.1162 25.0602  0
AcmeSafe 50 8 4.25922 16.9226 340.738 169.226  0
AcmeSafe 50 20 4.38465 17.4224 876.929 174.224  0
AcmeSafe 50 40 11.6656 46.3703 4666.25 463.703  0
AcmeSafe 100 1 2.50780 2.50520 25.0780 25.0520  0
AcmeSafe 100 8 5.12354 20.3308 409.883 203.308  0
AcmeSafe 100 20 5.37492 21.2062 1074.98 212.062  0
AcmeSafe 100 40 4.38192 17.3554 1752.77 173.554  0
Null 1 1 0.000303711 0.00000 0.00303711 0.00000  0
Null 1 8 0.00240059 0.00000 0.192047 0.00000  0
Null 1 20 0.00483738 0.00000 0.967477 0.00000  0
Null 1 40 0.00847862 0.00000 3.39145 0.00000  0
Null 5 1 1.14010 1.13865 11.4010 11.3865  0
Null 5 8 0.491298 1.90144 39.3038 19.0144  0
Null 5 20 0.845920 3.18820 169.184 31.8820  0
Null 5 40 0.431209 1.61475 172.483 16.1475  0
Null 50 1 1.07215 1.07072 10.7215 10.7072  0
Null 50 8 0.439524 1.66741 35.1619 16.6741  0
Null 50 20 0.574865 2.15264 114.973 21.5264  0
Null 50 40 0.566317 2.14258 226.527 21.4258  0
Null 100 1 1.06863 1.06719 10.6863 10.6719  0
Null 100 8 0.370805 1.43178 29.6644 14.3178  0
Null 100 20 0.795349 3.01255 159.070 30.1255  0
Null 100 40 0.409095 1.49377 163.638 14.9377  0
Synchronized 1 1 0.000304711 0.00000 0.00304711 0.00000  0
Synchronized 1 8 0.00715927 0.00000 0.572742 0.00000  0
Synchronized 1 20 0.00454077 0.00000 0.908154 0.00000  0
Synchronized 1 40 0.0135548 0.00000 5.42193 0.00000  0
Synchronized 5 1 1.76881 1.76617 17.6881 17.6617  0
Synchronized 5 8 4.94163 6.16747 395.331 61.6747  0
Synchronized 5 20 4.93386 6.05015 986.773 60.5015  0
Synchronized 5 40 5.16303 6.63073 2065.21 66.3073  0
Synchronized 50 1 1.70475 1.70264 17.0475 17.0264  0
Synchronized 50 8 4.91911 6.27553 393.529 62.7553  0
Synchronized 50 20 4.70904 5.54381 941.808 55.4381  0
Synchronized 50 40 4.88572 5.89476 1954.29 58.9476  0
Synchronized 100 1 1.70003 1.69737 17.0003 16.9737  0
Synchronized 100 8 4.51334 5.33093 361.067 53.3093  0
Synchronized 100 20 4.69061 5.44595 938.123 54.4595  0
Synchronized 100 40 4.64862 5.55894 1859.45 55.5894  0
Unsynchronized 1 1 0.000369814 0.00000 0.00369814 0.00000  0
Unsynchronized 1 8 0.00227179 0.00000 0.181743 0.00000  0
Unsynchronized 1 20 0.00509779 0.00000 1.01956 0.00000  0
Unsynchronized 1 40 0.00822721 0.00000 3.29089 0.00000  0
Unsynchronized 5 1 1.21364 1.21242 12.1364 12.1242  0
Unsynchronized 5 8 2.11629 8.30735 169.303 83.0735  1
Unsynchronized 5 20 1.88721 6.33124 377.442 63.3124  1
Unsynchronized 5 40 3.63660 12.9290 1454.64 129.290  1
Unsynchronized 50 1 1.21663 1.21532 12.1663 12.1532  0
Unsynchronized 50 8 3.95069 15.2421 316.055 152.421  1
Unsynchronized 50 20 4.10774 15.9962 821.549 159.962  1
Unsynchronized 50 40 4.19618 16.4715 1678.47 164.715  1
Unsynchronized 100 1 1.21585 1.21366 12.1585 12.1366  0
Unsynchronized 100 8 3.49252 13.6920 279.402 136.920  1
Unsynchronized 100 20 3.52141 13.7134 704.282 137.134  1
Unsynchronized 100 40 3.75565 14.7225 1502.26 147.225  1
AcmeSafe 1 1 0.000315412 0.00000 0.00315412 0.00000  0
AcmeSafe 1 8 0.00231249 0.00000 0.184999 0.00000  0
AcmeSafe 1 20 0.00488559 0.00000 0.977117 0.00000  0
AcmeSafe 1 40 0.00942826 0.00000 3.77130 0.00000  0
AcmeSafe 5 1 2.55438 2.54980 25.5438 25.4980  0
AcmeSafe 5 8 14.7876 58.3606 1183.01 583.606  0
AcmeSafe 5 20 13.2670 51.0898 2653.40 510.898  0
AcmeSafe 5 40 12.1849 48.5176 4873.95 485.176  0
AcmeSafe 50 1 2.49227 2.49021 24.9227 24.9021  0
AcmeSafe 50 8 11.2257 43.5818 898.058 435.818  0
AcmeSafe 50 20 7.07577 26.1234 1415.15 261.234  0
AcmeSafe 50 40 11.6722 44.3218 4668.89 443.218  0
AcmeSafe 100 1 2.52016 2.51134 25.2016 25.1134  0
AcmeSafe 100 8 7.76979 26.3309 621.583 263.309  0
AcmeSafe 100 20 6.45774 23.7952 1291.55 237.952  0
AcmeSafe 100 40 4.30821 15.5234 1723.29 155.234  0
Null 1 1 0.000298212 0.00000 0.00298212 0.00000  0
Null 1 8 0.00232959 0.00000 0.186367 0.00000  0
Null 1 20 0.00465058 0.00000 0.930115 0.00000  0
Null 1 40 0.00879273 0.00000 3.51709 0.00000  0
Null 5 1 1.06755 1.06605 10.6755 10.6605  0
Null 5 8 0.478717 1.79159 38.2974 17.9159  0
Null 5 20 0.369011 1.35933 73.8022 13.5933  0
Null 5 40 0.414798 1.50168 165.919 15.0168  0
Null 50 1 1.09124 1.08989 10.9124 10.8989  0
Null 50 8 0.440426 1.65921 35.2341 16.5921  0
Null 50 20 0.470454 1.69933 94.0908 16.9933  0
Null 50 40 0.458938 1.64876 183.575 16.4876  0
Null 100 1 1.09866 1.09760 10.9866 10.9760  0
Null 100 8 0.594479 2.25840 47.5583 22.5840  0
Null 100 20 0.414071 1.54634 82.8142 15.4634  0
Null 100 40 0.466817 1.68722 186.727 16.8722  0
Synchronized 1 1 0.000306812 0.00000 0.00306812 0.00000  0
Synchronized 1 8 0.00231089 0.00000 0.184871 0.00000  0
Synchronized 1 20 0.00534370 0.00000 1.06874 0.00000  0
Synchronized 1 40 0.00951206 0.00000 3.80482 0.00000  0
Synchronized 5 1 1.69429 1.68910 16.9429 16.8910  0
Synchronized 5 8 4.88898 5.92745 391.119 59.2745  0
Synchronized 5 20 5.18398 6.51941 1036.80 65.1941  0
Synchronized 5 40 5.00326 5.88451 2001.30 58.8451  0
Synchronized 50 1 1.69610 1.69179 16.9610 16.9179  0
Synchronized 50 8 4.46672 4.98267 357.337 49.8267  0
Synchronized 50 20 4.90294 5.68766 980.588 56.8766  0
Synchronized 50 40 4.75690 5.42936 1902.76 54.2936  0
Synchronized 100 1 1.70533 1.70335 17.0533 17.0335  0
Synchronized 100 8 4.53432 4.88422 362.746 48.8422  0
Synchronized 100 20 4.54003 4.96971 908.006 49.6971  0
Synchronized 100 40 4.54826 5.08699 1819.30 50.8699  0
Unsynchronized 1 1 0.00112384 0.00000 0.0112384 0.00000  0
Unsynchronized 1 8 0.00922585 0.00000 0.738068 0.00000  0
Unsynchronized 1 20 0.00580972 0.00000 1.16194 0.00000  0
Unsynchronized 1 40 0.00948386 0.00000 3.79354 0.00000  0
Unsynchronized 5 1 1.23135 1.22734 12.3135 12.2734  0
Unsynchronized 5 8 3.34215 10.3658 267.372 103.658  1
Unsynchronized 5 20 3.39484 11.4589 678.969 114.589  1
Unsynchronized 5 40 3.40884 13.4548 1363.53 134.548  1
Unsynchronized 50 1 1.21988 1.21896 12.1988 12.1896  0
Unsynchronized 50 8 3.86199 15.2836 308.960 152.836  1
Unsynchronized 50 20 4.11642 16.0340 823.284 160.340  1
Unsynchronized 50 40 4.07849 15.7314 1631.40 157.314  1
Unsynchronized 100 1 1.21902 1.21797 12.1902 12.1797  0
Unsynchronized 100 8 3.49085 13.8691 279.268 138.691  1
Unsynchronized 100 20 3.66366 14.4133 732.732 144.133  1
Unsynchronized 100 40 3.50112 13.8824 1400.45 138.824  1
AcmeSafe 1 1 0.000369714 0.00000 0.00369714 0.00000  0
AcmeSafe 1 8 0.00218018 0.00000 0.174415 0.00000  0
AcmeSafe 1 20 0.00548321 0.00000 1.09664 0.00000  0
AcmeSafe 1 40 0.00871543 0.00000 3.48617 0.00000  0
AcmeSafe 5 1 2.55108 2.54784 25.5108 25.4784  0
AcmeSafe 5 8 14.6324 57.3634 1170.59 573.634  0
AcmeSafe 5 20 13.0744 51.8771 2614.87 518.771  0
AcmeSafe 5 40 12.6666 49.1295 5066.64 491.295  0
AcmeSafe 50 1 2.50160 2.50052 25.0160 25.0052  0
AcmeSafe 50 8 11.1420 44.3501 891.358 443.501  0
AcmeSafe 50 20 9.66097 38.1319 1932.19 381.319  0
AcmeSafe 50 40 9.74432 38.3480 3897.73 383.480  0
AcmeSafe 100 1 2.50633 2.50484 25.0633 25.0484  0
AcmeSafe 100 8 5.32919 21.1204 426.335 211.204  0
AcmeSafe 100 20 4.25500 16.7378 851.000 167.378  0
AcmeSafe 100 40 6.62804 26.0670 2651.22 260.670  0
Null 1 1 0.000302812 0.00000 0.00302812 0.00000  0
Null 1 8 0.00207618 0.00000 0.166094 0.00000  0
Null 1 20 0.00488359 0.00000 0.976717 0.00000  0
Null 1 40 0.00823841 0.00000 3.29537 0.00000  0
Null 5 1 1.11425 1.11266 11.1425 11.1266  0
Null 5 8 0.536791 2.08705 42.9433 20.8705  0
Null 5 20 0.447476 1.72190 89.4951 17.2190  0
Null 5 40 1.84618 7.23212 738.474 72.3212  0
Null 50 1 1.07359 1.07230 10.7359 10.7230  0
Null 50 8 0.447990 1.69233 35.8392 16.9233  0
Null 50 20 0.803002 3.05993 160.600 30.5993  0
Null 50 40 1.93808 7.56604 775.234 75.6604  0
Null 100 1 1.07397 1.07205 10.7397 10.7205  0
Null 100 8 0.531318 2.01271 42.5055 20.1271  0
Null 100 20 0.606880 2.26421 121.376 22.6421  0
Null 100 40 0.474686 1.72966 189.874 17.2966  0
Synchronized 1 1 0.000294711 0.00000 0.00294711 0.00000  0
Synchronized 1 8 0.00232949 0.00000 0.186359 0.00000  0
Synchronized 1 20 0.00476178 0.00000 0.952356 0.00000  0
Synchronized 1 40 0.00925645 0.00000 3.70258 0.00000  0
Synchronized 5 1 1.64810 1.64319 16.4810 16.4319  0
Synchronized 5 8 4.98389 6.25428 398.711 62.5428  0
Synchronized 5 20 4.97722 6.09154 995.445 60.9154  0
Synchronized 5 40 4.77702 5.93722 1910.81 59.3722  0
Synchronized 50 1 1.69881 1.69368 16.9881 16.9368  0
Synchronized 50 8 4.79640 5.92623 383.712 59.2623  0
Synchronized 50 20 4.79700 5.70499 959.399 57.0499  0
Synchronized 50 40 4.95302 6.02773 1981.21 60.2773  0
Synchronized 100 1 1.70316 1.70211 17.0316 17.0211  0
Synchronized 100 8 5.19615 6.93613 415.692 69.3613  0
Synchronized 100 20 4.92274 5.97406 984.547 59.7406  0
Synchronized 100 40 4.92108 5.91641 1968.43 59.1641  0
Unsynchronized 1 1 0.000305612 0.00000 0.00305612 0.00000  0
Unsynchronized 1 8 0.00226729 0.00000 0.181383 0.00000  0
Unsynchronized 1 20 0.00528400 0.00000 1.05680 0.00000  0
Unsynchronized 1 40 0.00866993 0.00000 3.46797 0.00000  0
Unsynchronized 5 1 1.20781 1.20666 12.0781 12.0666  0
Unsynchronized 5 8 3.66709 14.4808 293.367 144.808  1
Unsynchronized 5 20 1.94306 7.43623 388.612 74.3623  1
Unsynchronized 5 40 3.85217 14.8953 1540.87 148.953  1
Unsynchronized 50 1 1.21011 1.20823 12.1011 12.0823  0
Unsynchronized 50 8 4.01669 15.8598 321.335 158.598  1
Unsynchronized 50 20 4.10172 16.2104 820.343 162.104  1
Unsynchronized 50 40 3.97249 15.6636 1588.99 156.636  1
Unsynchronized 100 1 1.21707 1.21567 12.1707 12.1567  0
Unsynchronized 100 8 3.48926 13.4083 279.141 134.083  1
Unsynchronized 100 20 3.98813 14.6506 797.625 146.506  1
Unsynchronized 100 40 3.63196 12.2736 1452.79 122.736  1
AcmeSafe 1 1 0.000303511 0.00000 0.00303511 0.00000  0
AcmeSafe 1 8 0.00658685 0.00000 0.526948 0.00000  0
AcmeSafe 1 20 0.00604463 0.00000 1.20893 0.00000  0
AcmeSafe 1 40 0.0223448 0.00000 8.93790 0.00000  0
AcmeSafe 5 1 2.54261 2.54077 25.4261 25.4077  0
AcmeSafe 5 8 12.7694 48.9885 1021.55 489.885  0
AcmeSafe 5 20 12.9110 50.5915 2582.21 505.915  0
AcmeSafe 5 40 13.0235 48.1226 5209.40 481.226  0
AcmeSafe 50 1 2.46977 2.46632 24.6977 24.6632  0
AcmeSafe 50 8 4.26390 15.5633 341.112 155.633  0
AcmeSafe 50 20 9.60676 34.4769 1921.35 344.769  0
AcmeSafe 50 40 11.3173 42.0341 4526.92 420.341  0
AcmeSafe 100 1 2.51299 2.50582 25.1299 25.0582  0
AcmeSafe 100 8 8.12031 30.5956 649.624 305.956  0
AcmeSafe 100 20 7.16692 27.4635 1433.38 274.635  0
AcmeSafe 100 40 7.60280 26.5660 3041.12 265.660  0
Null 1 1 0.000289511 0.00000 0.00289511 0.00000  0
Null 1 8 0.00224519 0.00000 0.179615 0.00000  0
Null 1 20 0.00412166 0.00000 0.824331 0.00000  0
Null 1 40 0.00838142 0.00000 3.35257 0.00000  0
Null 5 1 1.14092 1.13933 11.4092 11.3933  0
Null 5 8 0.390929 1.50233 31.2743 15.0233  0
Null 5 20 0.479640 1.72752 95.9281 17.2752  0
Null 5 40 0.516562 1.86239 206.625 18.6239  0
Null 50 1 1.07808 1.07608 10.7808 10.7608  0
Null 50 8 0.453284 1.64844 36.2627 16.4844  0
Null 50 20 0.482032 1.67924 96.4065 16.7924  0
Null 50 40 0.533534 1.77864 213.413 17.7864  0
Null 100 1 1.06816 1.06662 10.6816 10.6662  0
Null 100 8 0.582214 2.21690 46.5771 22.1690  0
Null 100 20 0.900625 3.41465 180.125 34.1465  0
Null 100 40 0.371019 1.35823 148.408 13.5823  0
Synchronized 1 1 0.000301412 0.00000 0.00301412 0.00000  0
Synchronized 1 8 0.00239079 0.00000 0.191263 0.00000  0
Synchronized 1 20 0.00488259 0.00000 0.976517 0.00000  0
Synchronized 1 40 0.00809111 0.00000 3.23644 0.00000  0
Synchronized 5 1 1.64279 1.64122 16.4279 16.4122  0
Synchronized 5 8 4.85356 5.81178 388.285 58.1178  0
Synchronized 5 20 5.11711 5.88092 1023.42 58.8092  0
Synchronized 5 40 5.33972 6.50157 2135.89 65.0157  0
Synchronized 50 1 1.70257 1.70144 17.0257 17.0144  0
Synchronized 50 8 4.75281 5.58950 380.225 55.8950  0
Synchronized 50 20 4.26917 5.21074 853.834 52.1074  0
Synchronized 50 40 5.09425 6.39667 2037.70 63.9667  0
Synchronized 100 1 1.70093 1.69829 17.0093 16.9829  0
Synchronized 100 8 4.68663 5.11127 374.930 51.1127  0
Synchronized 100 20 5.26889 5.67774 1053.78 56.7774  0
Synchronized 100 40 4.71004 5.48093 1884.02 54.8093  0
Unsynchronized 1 1 0.000304611 0.00000 0.00304611 0.00000  0
Unsynchronized 1 8 0.00247619 0.00000 0.198096 0.00000  0
Unsynchronized 1 20 0.00522080 0.00000 1.04416 0.00000  0
Unsynchronized 1 40 0.00877663 0.00000 3.51065 0.00000  0
Unsynchronized 5 1 1.21235 1.21029 12.1235 12.1029  0
Unsynchronized 5 8 3.74513 14.8016 299.611 148.016  1
Unsynchronized 5 20 3.49104 13.7869 698.209 137.869  1
Unsynchronized 5 40 1.91698 7.33393 766.791 73.3393  1
Unsynchronized 50 1 1.22129 1.21748 12.2129 12.1748  0
Unsynchronized 50 8 4.05497 16.0592 324.398 160.592  1
Unsynchronized 50 20 3.97338 15.7828 794.675 157.828  1
Unsynchronized 50 40 4.06525 15.0749 1626.10 150.749  1
Unsynchronized 100 1 1.22293 1.22007 12.2293 12.2007  0
Unsynchronized 100 8 3.59368 10.8516 287.494 108.516  1
Unsynchronized 100 20 3.53710 12.9785 707.420 129.785  1
Unsynchronized 100 40 3.51984 12.9585 1407.94 129.585  1
AcmeSafe 1 1 0.000339713 0.00000 0.00339713 0.00000  0
AcmeSafe 1 8 0.00215138 0.00000 0.172111 0.00000  0
AcmeSafe 1 20 0.00531330 0.00000 1.06266 0.00000  0
AcmeSafe 1 40 0.00921155 0.00000 3.68462 0.00000  0
AcmeSafe 5 1 2.53862 2.53645 25.3862 25.3645  0
AcmeSafe 5 8 12.7184 47.7302 1017.48 477.302  0
AcmeSafe 5 20 13.4240 52.1538 2684.81 521.538  0
AcmeSafe 5 40 13.8322 55.0314 5532.86 550.314  0
AcmeSafe 50 1 2.49184 2.48846 24.9184 24.8846  0
AcmeSafe 50 8 4.19643 15.9145 335.715 159.145  0
AcmeSafe 50 20 7.36518 28.9792 1473.04 289.792  0
AcmeSafe 50 40 7.26486 28.5346 2905.94 285.346  0
AcmeSafe 100 1 2.55594 2.55083 25.5594 25.5083  0
AcmeSafe 100 8 6.48602 25.6582 518.882 256.582  0
AcmeSafe 100 20 5.48827 21.1340 1097.65 211.340  0
AcmeSafe 100 40 5.90722 23.3236 2362.89 233.236  0
Null 1 1 0.000397015 0.00000 0.00397015 0.00000  0
Null 1 8 0.00258180 0.00000 0.206544 0.00000  0
Null 1 20 0.00445437 0.00000 0.890874 0.00000  0
Null 1 40 0.00837672 0.00000 3.35069 0.00000  0
Null 5 1 1.16208 1.16035 11.6208 11.6035  0
Null 5 8 0.460751 1.22361 36.8601 12.2361  0
Null 5 20 0.500781 1.37979 100.156 13.7979  0
Null 5 40 0.878566 2.65886 351.426 26.5886  0
Null 50 1 1.08307 1.08195 10.8307 10.8195  0
Null 50 8 0.423844 1.20136 33.9075 12.0136  0
Null 50 20 0.514028 1.95672 102.806 19.5672  0
Null 50 40 0.416687 1.53547 166.675 15.3547  0
Null 100 1 1.09677 1.09521 10.9677 10.9521  0
Null 100 8 0.576986 2.17183 46.1589 21.7183  0
Null 100 20 0.459347 1.68417 91.8695 16.8417  0
Null 100 40 0.395220 1.42260 158.088 14.2260  0
Synchronized 1 1 0.000398015 0.00000 0.00398015 0.00000  0
Synchronized 1 8 0.00266180 0.00000 0.212944 0.00000  0
Synchronized 1 20 0.00454847 0.00000 0.909695 0.00000  0
Synchronized 1 40 0.0100627 0.00000 4.02507 0.00000  0
Synchronized 5 1 1.69346 1.69245 16.9346 16.9245  0
Synchronized 5 8 4.67113 5.14428 373.690 51.4428  0
Synchronized 5 20 4.99378 5.85419 998.756 58.5419  0
Synchronized 5 40 5.00349 5.95390 2001.39 59.5390  0
Synchronized 50 1 1.70667 1.70018 17.0667 17.0018  0
Synchronized 50 8 4.67813 5.15501 374.250 51.5501  0
Synchronized 50 20 4.84841 5.68099 969.682 56.8099  0
Synchronized 50 40 4.88132 5.88082 1952.53 58.8082  0
Synchronized 100 1 1.68674 1.68474 16.8674 16.8474  0
Synchronized 100 8 4.55412 5.14311 364.330 51.4311  0
Synchronized 100 20 4.73300 5.42113 946.599 54.2113  0
Synchronized 100 40 4.62075 5.39181 1848.30 53.9181  0
Unsynchronized 1 1 0.00198688 0.00000 0.0198688 0.00000  0
Unsynchronized 1 8 0.00293851 0.00000 0.235081 0.00000  0
Unsynchronized 1 20 0.00626404 0.00000 1.25281 0.00000  0
Unsynchronized 1 40 0.0112440 0.00000 4.49761 0.00000  0
Unsynchronized 5 1 1.22373 1.21611 12.2373 12.1611  0
Unsynchronized 5 8 1.84682 5.89431 147.746 58.9431  1
Unsynchronized 5 20 3.82173 14.0428 764.346 140.428  1
Unsynchronized 5 40 1.85739 6.26028 742.955 62.6028  1
Unsynchronized 50 1 1.21693 1.21408 12.1693 12.1408  0
Unsynchronized 50 8 3.95254 13.6936 316.203 136.936  1
Unsynchronized 50 20 4.24954 13.4305 849.907 134.305  1
Unsynchronized 50 40 3.84741 13.5615 1538.96 135.615  1
Unsynchronized 100 1 1.22774 1.22585 12.2774 12.2585  0
Unsynchronized 100 8 3.50864 11.1064 280.691 111.064  1
Unsynchronized 100 20 3.48149 13.1970 696.298 131.970  1
Unsynchronized 100 40 3.54842 12.0469 1419.37 120.469  1
AcmeSafe 1 1 0.000310012 0.00000 0.00310012 0.00000  0
AcmeSafe 1 8 0.0111279 0.00000 0.890234 0.00000  0
AcmeSafe 1 20 0.0155719 0.00000 3.11438 0.00000  0
AcmeSafe 1 40 0.0121281 0.00000 4.85122 0.00000  0
AcmeSafe 5 1 2.54133 2.53872 25.4133 25.3872  0
AcmeSafe 5 8 14.6611 55.7013 1172.89 557.013  0
AcmeSafe 5 20 12.4778 49.6047 2495.56 496.047  0
AcmeSafe 5 40 11.7881 43.3326 4715.23 433.326  0
AcmeSafe 50 1 2.45760 2.45169 24.5760 24.5169  0
AcmeSafe 50 8 6.79243 22.7216 543.395 227.216  0
AcmeSafe 50 20 5.23082 18.6577 1046.16 186.577  0
AcmeSafe 50 40 5.01218 17.7856 2004.87 177.856  0
AcmeSafe 100 1 2.51921 2.50988 25.1921 25.0988  0
AcmeSafe 100 8 6.46326 22.4609 517.061 224.609  0
AcmeSafe 100 20 6.85773 24.4068 1371.55 244.068  0
AcmeSafe 100 40 6.00293 23.6815 2401.17 236.815  0
